Id,SalePrice
1461,112439.89876922383
1462,165334.11051835166
1463,183131.94777551456
1464,198424.1684942406
1465,228393.0403376543
1466,174509.975197959
1467,176795.7238458898
1468,152821.81349729816
1469,226260.79648894956
1470,112032.0569012044
1471,138395.9031575583
1472,115985.8635617462
1473,101116.02491338737
1474,146906.05188904237
1475,108803.28071450815
1476,386427.71820358234
1477,261919.66433179402
1478,326899.05608957214
1479,329181.4451886681
1480,462980.2655768236
1481,320858.17967670644
1482,219333.6795484519
1483,179678.6839470137
1484,166161.2583552457
1485,185209.18236370455
1486,188309.40519215958
1487,342375.4372161464
1488,225073.75911611225
1489,210721.9955765563
1490,259574.12421903224
1491,198963.99316684483
1492,105445.35366061772
1493,219838.91316302074
1494,286506.9247953044
1495,285580.1967340256
1496,236103.71915213112
1497,168441.05748738302
1498,181496.44461596827
1499,163503.11584662972
1500,148123.95240191044
1501,176423.29115822678
1502,134634.10063482542
1503,325514.4418364144
1504,244551.67109597474
1505,226983.97286196984
1506,189672.17939526634
1507,249204.43650089623
1508,196631.56000628276
1509,158441.18141756346
1510,135257.02912993776
1511,147784.42467336915
1512,153662.32600926212
1513,155224.15461174794
1514,156480.6709837222
1515,215262.57077504625
1516,160097.00543639273
1517,188473.15922507644
1518,117729.43694806984
1519,201223.94493286358
1520,121356.21845356887
1521,133736.82582807727
1522,188470.19355666311
1523,110939.52109435154
1524,131646.9103280825
1525,119702.27391852858
1526,118095.71590668964
1527,101561.85728749074
1528,132587.73602950014
1529,161039.968603231
1530,204040.96932418318
1531,136084.87896828027
1532,89975.64683168777
1533,142803.89283967763
1534,130650.27893709461
1535,148922.67865730263
1536,109207.3408345757
1537,43716.62903454923
1538,150632.14960936317
1539,206992.12060966808
1540,108239.79270464089
1541,147937.50083622267
1542,167704.32586004422
1543,191347.55097185588
1544,86032.66805494856
1545,120367.30303247226
1546,141691.57628061296
1547,158455.9246407044
1548,163918.7408051584
1549,114798.31907226285
1550,134539.99198336597
1551,104450.50849480694
1552,155549.81194546586
1553,163391.14834128274
1554,119756.3892334376
1555,170226.3571166743
1556,94212.36419307464
1557,147833.01385260187
1558,117534.8163401261
1559,107254.6547957845
1560,106257.36193585186
1561,144505.8093013633
1562,141020.0085931546
1563,138748.76807865407
1564,137043.1479412238
1565,152924.58841464808
1566,233135.43283488974
1567,89009.36234365357
1568,216468.6744928807
1569,128323.936947281
1570,128623.92391070095
1571,89222.49552675779
1572,131501.19058916485
1573,310261.4338685968
1574,137639.7947643008
1575,242430.8227709015
1576,221814.60966667347
1577,202165.79185086675
1578,138700.24849453312
1579,129645.4951553382
1580,198141.6992842385
1581,162605.84940186422
1582,135931.46937080077
1583,262518.23807660793
1584,223979.92550478736
1585,133173.79967621248
1586,93497.43174982164
1587,133068.35916517884
1588,156062.59311173158
1589,96855.65663251514
1590,127893.83498602081
1591,93985.81080441503
1592,143132.86593985744
1593,143118.77692403505
1594,128807.81518597715
1595,112669.40850223927
1596,216763.33582254522
1597,186065.47116982657
1598,214315.96990978532
1599,195406.80062972242
1600,181294.67209803592
1601,64542.59906449285
1602,146190.82864003
1603,60808.040317400824
1604,282814.54713827046
1605,223754.08187306207
1606,158156.01892906916
1607,179876.99839887512
1608,216994.77736544353
1609,197565.97716190526
1610,156209.40557627473
1611,154790.1855509905
1612,190627.54721392877
1613,162798.2560628401
1614,142576.71818640898
1615,97009.09640473267
1616,70276.05935438885
1617,89172.0100779126
1618,139877.77483887086
1619,147037.5833754053
1620,159477.65499108564
1621,142226.49994088802
1622,155893.5798946512
1623,252989.10888772993
1624,195827.8023136803
1625,115978.46115840133
1626,156085.18291355995
1627,186456.3463837318
1628,268809.14523838507
1629,193473.60053485562
1630,353929.69801794644
1631,291488.0647960943
1632,251683.49703148054
1633,181806.02292486606
1634,182270.2094655931
1635,175936.42635342292
1636,157791.96216095565
1637,210803.78073991253
1638,192990.55123227625
1639,190555.4405598957
1640,246351.31182078063
1641,195025.20141977305
1642,262039.63171459315
1643,234419.39209330129
1644,244957.6945714811
1645,210491.8412768424
1646,156905.89594447706
1647,163196.65344004752
1648,127931.56671858206
1649,130382.67492978647
1650,102916.89484172454
1651,110253.28555508517
1652,101820.51950822235
1653,101428.97240936244
1654,149207.3064103499
1655,118787.9041199917
1656,143278.8420443288
1657,160903.21199422888
1658,151828.74868529523
1659,130837.36653186637
1660,148390.98478309484
1661,419322.0853397683
1662,379815.0666064578
1663,381387.5375702069
1664,464635.9048270616
1665,343207.8778757276
1666,312228.1010424979
1667,378565.2449398488
1668,370468.9721088209
1669,320062.44107060274
1670,359638.12605926394
1671,262113.70000480046
1672,372295.1926126401
1673,288225.2830947791
1674,244597.8635556444
1675,198563.57351130946
1676,200388.2778732828
1677,213496.88794184616
1678,466475.55652323784
1679,377610.4451094507
1680,344856.7301979577
1681,284739.44784686575
1682,325009.61907290947
1683,195590.88016907964
1684,166095.91640709992
1685,169499.47484916355
1686,166322.02809868613
1687,161254.16851641377
1688,179023.4244557866
1689,186629.9253906114
1690,187976.468912289
1691,183704.27179679926
1692,244588.0844616841
1693,174410.1903051436
1694,180183.46467525046
1695,167800.5142845984
1696,255790.82590987254
1697,172529.1540840466
1698,321545.69647183036
1699,309571.56395519245
1700,273402.5670372108
1701,286840.1335586966
1702,231393.98767592292
1703,227568.1252882469
1704,250106.568073472
1705,260304.74308338435
1706,212242.30650727148
1707,236305.69433213747
1708,209837.64810851356
1709,245939.93537618313
1710,238986.78019720223
1711,272367.14405368594
1712,258134.73119591083
1713,263237.54942412116
1714,225001.11446073488
1715,215133.29280672455
1716,181480.59830639604
1717,181297.62018924928
1718,153218.9351117697
1719,225166.1999046635
1720,215063.72351357574
1721,154134.47011836898
1722,123651.98505293461
1723,147908.56887273234
1724,207450.17643967737
1725,238723.04428913468
1726,191136.23617138993
1727,136933.69344107062
1728,159018.32849718304
1729,167312.62877233326
1730,131291.4267604393
1731,101910.46420140797
1732,123536.96491534868
1733,96162.2708544503
1734,134495.92744199978
1735,100860.1895789071
1736,98757.37175913667
1737,265213.6174852415
1738,274858.14413134195
1739,245400.6805312452
1740,207586.26956446725
1741,178106.71980883973
1742,172109.20531268697
1743,169181.3107365435
1744,345281.9152821391
1745,242803.74482406024
1746,216432.55338990665
1747,226212.701044393
1748,210266.67152137496
1749,143822.20202987082
1750,133029.81187657313
1751,245586.660061443
1752,116423.08505357546
1753,159401.38013703376
1754,204428.55310145067
1755,165015.89681134745
1756,133375.53780355374
1757,120851.9292498026
1758,129005.66182172205
1759,150750.12811127538
1760,158140.14505698672
1761,146649.13652187726
1762,183535.13181128982
1763,191207.53355822805
1764,120995.05841899477
1765,217812.58818820748
1766,188521.61215566192
1767,209195.52370264474
1768,134664.66571139684
1769,160164.00538113248
1770,148385.27502496028
1771,133720.45541045791
1772,145429.23469495052
1773,113096.74832692603
1774,141693.26720022154
1775,143359.25955352746
1776,143058.4041132154
1777,111426.68840388954
1778,144722.47860486573
1779,128389.92352462397
1780,145417.3557343278
1781,128452.44175058231
1782,63055.79829088831
1783,124834.19244874641
1784,106488.45131500484
1785,137241.40246143262
1786,136718.17898727534
1787,144120.4073467406
1788,83144.85483583529
1789,96715.55450582271
1790,60442.20575210615
1791,160645.5590939629
1792,176421.8469906547
1793,126313.86579396157
1794,155824.56629214948
1795,145840.55331360432
1796,173441.79818178364
1797,121309.07836876251
1798,128027.97799923294
1799,92806.18308791518
1800,125428.82712448458
1801,112412.43575827032
1802,126429.00510847103
1803,152564.81739868154
1804,102711.69834519667
1805,130336.65769773233
1806,126830.48491503368
1807,121411.07628596155
1808,116508.79550759145
1809,131694.7416783094
1810,142767.08715826622
1811,154863.62281427695
1812,119721.9352799626
1813,143664.89948504325
1814,114260.43034163723
1815,77704.96585305827
1816,126245.38579730387
1817,111878.48924761359
1818,154583.34951497195
1819,142719.53751385538
1820,50724.83183533372
1821,140576.81019603135
1822,142384.53446309804
1823,73850.95567109482
1824,133505.0840598857
1825,156035.79366056644
1826,120740.1650590091
1827,113090.70017312397
1828,137850.6888089634
1829,108690.16191974608
1830,138058.68707316555
1831,169790.68179786624
1832,-14870.98614189541
1833,141640.79706780403
1834,116315.82377674617
1835,116750.59967341414
1836,125436.38129421929
1837,74275.80078154476
1838,108025.09648723947
1839,121888.82087801024
1840,175507.35332129314
1841,120237.90866914089
1842,96902.36514121783
1843,140179.17564827576
1844,176354.13373787957
1845,151239.71949612722
1846,158124.36005672393
1847,186406.17785419896
1848,41747.03989499342
1849,144743.44529673434
1850,122908.29964501248
1851,147937.60008682846
1852,106701.36027374677
1853,107616.68452926911
1854,166452.79890441615
1855,179073.28921687603
1856,218060.20837678527
1857,167971.52127965563
1858,151108.86821252177
1859,128209.41888045496
1860,151369.72954486217
1861,126823.24450244894
1862,271442.57971976465
1863,262644.34878897946
1864,262678.39853306673
1865,370478.78606859874
1866,342733.76503450004
1867,206303.4840141111
1868,281342.9359997227
1869,204491.83888979442
1870,211927.99219631776
1871,281418.9676468633
1872,172461.39024387533
1873,237375.18939996208
1874,143724.1592243279
1875,190177.74345604004
1876,204929.77128791716
1877,203647.2267469233
1878,215571.56433834205
1879,148346.91351368185
1880,128983.03033328871
1881,223447.9069551283
1882,230785.39874210162
1883,181634.17494644038
1884,205456.52462923084
1885,232669.97365428158
1886,297786.3944646795
1887,217127.5720192599
1888,242410.98431450338
1889,167379.4505962513
1890,101342.79134459095
1891,106777.01955005713
1892,114365.4642085284
1893,126606.2491558576
1894,111745.93699697545
1895,145220.5686639957
1896,130384.69580776338
1897,101287.78358948277
1898,98585.79222640954
1899,173566.146297751
1900,143549.00271134172
1901,203543.0732310051
1902,194078.3634384696
1903,217593.99332054798
1904,165899.39371765964
1905,188511.97337353276
1906,189376.40187792992
1907,197322.01355710765
1908,108169.18466980942
1909,123395.38485874794
1910,109575.14802423213
1911,224148.2730973293
1912,304004.78351301653
1913,153575.4948653225
1914,30737.27918474702
1915,353967.02370611625
1916,50484.40810030373
1917,227261.902885488
1918,148473.33264253847
1919,156569.2597393184
1920,178040.70256034634
1921,388048.8998690485
1922,356275.4450064725
1923,248852.83921986958
1924,211207.5217426014
1925,210318.89796558837
1926,392222.3709662524
1927,133265.7657614397
1928,176387.32700652536
1929,119827.59459009231
1930,148718.2944300291
1931,135339.1241794657
1932,144525.9923737673
1933,188204.55796345673
1934,182325.184167712
1935,166336.9893985456
1936,208510.34461894422
1937,187036.1403335724
1938,173580.4865047154
1939,312493.36720285704
1940,216264.31188993156
1941,166517.0207079472
1942,163313.1740315531
1943,259019.21091513196
1944,407550.63349332334
1945,431454.489945245
1946,152207.60204661218
1947,176055.97496682778
1948,192651.92358965008
1949,255456.3535085183
1950,162566.19799447618
1951,238677.54404457659
1952,196063.1675845962
1953,170504.92371303868
1954,182366.17215582402
1955,119002.36481545703
1956,290734.2500971877
1957,162309.4944233615
1958,228895.56890673633
1959,114916.05090621463
1960,111506.50434740144
1961,122599.54549497273
1962,101946.89048456214
1963,110097.24600055208
1964,112649.61296795425
1965,124744.0505368975
1966,140819.25633308245
1967,313843.44345952664
1968,397165.04897288093
1969,395956.8694654028
1970,389683.3300687899
1971,452684.1066938252
1972,356515.0284734485
1973,311565.9847993539
1974,337818.09627306554
1975,481311.28313521994
1976,270576.3106088699
1977,346319.70269347914
1978,351562.6188083305
1979,315216.3682012139
1980,221004.14689871622
1981,336751.55967890145
1982,214427.54823407996
1983,214432.30711664027
1984,174075.67231749417
1985,216501.46795953996
1986,194606.9073270068
1987,221553.97964923782
1988,166507.90426568664
1989,183996.08363248897
1990,200449.0847662678
1991,224975.44721591938
1992,218007.07584298798
1993,159983.61469892226
1994,226439.17186284857
1995,178734.44874145207
1996,277761.4735988048
1997,315564.0776750711
1998,295995.00359207066
1999,310097.25356955687
2000,308286.1368198232
2001,279238.58217415446
2002,238319.75132837193
2003,231058.89563299622
2004,269047.5957989115
2005,239036.3074867807
2006,239960.2999519105
2007,239699.82180492254
2008,243990.72627077298
2009,204762.72851796797
2010,191370.78941678954
2011,144673.51923269266
2012,175416.6759238534
2013,182569.3165974049
2014,189120.79176525772
2015,212551.64027716778
2016,189892.7833211755
2017,203479.18502440187
2018,103162.23772332096
2019,138263.94270624453
2020,78666.66749615315
2021,91767.19038157072
2022,206661.12757395557
2023,152472.49448069837
2024,300311.90748592
2025,364226.56441417104
2026,176657.3426112074
2027,154371.9869989024
2028,152172.5469320591
2029,168648.11569998018
2030,249384.52499069134
2031,229476.63157695788
2032,249732.8004972241
2033,234374.12193334056
2034,161167.36350358557
2035,234339.5633775331
2036,188295.03496479173
2037,204616.15450095315
2038,334332.84527125163
2039,232557.76492081257
2040,334486.82302840287
2041,290167.86292298837
2042,214951.02428507293
2043,167351.088939853
2044,188597.54144229973
2045,199168.9811839424
2046,148407.05105586676
2047,129851.44048525323
2048,138319.40087786177
2049,126047.4966053809
2050,159264.44586604065
2051,99113.41150795063
2052,114570.35324513889
2053,143415.4614465232
2054,75341.74491804186
2055,185897.66480486467
2056,143728.76320384024
2057,99412.02345063677
2058,190736.0242509651
2059,123429.56188441068
2060,181263.38998018345
2061,170417.04460948426
2062,120251.37952191452
2063,127985.55373030668
2064,129178.21540508885
2065,52650.29874282144
2066,171621.97650036518
2067,144754.44752377854
2068,144380.90880632866
2069,73765.62386141066
2070,99730.76444506156
2071,91357.57098503085
2072,112727.76063423045
2073,117587.52170301089
2074,147182.83443292417
2075,177673.17697640788
2076,125961.44871639134
2077,163743.95333796833
2078,134278.81195946736
2079,130308.37155950349
2080,123615.7689075116
2081,130653.10450628027
2082,137094.70184119907
2083,157416.31801438052
2084,100091.75801538909
2085,125275.06701171724
2086,132124.13182207895
2087,110773.00507532037
2088,94356.96089012339
2089,90752.21643406991
2090,119514.03897782508
2091,99486.76744729141
2092,134659.69371978217
2093,165840.7880774322
2094,137693.5437714453
2095,187113.28938372433
2096,98921.10851098923
2097,86845.78652523318
2098,159441.14059787663
2099,29397.020259425975
2100,60627.02972982568
2101,119876.44850652758
2102,123071.5650847007
2103,105359.67087901384
2104,131214.28959876485
2105,148254.0995616885
2106,91328.04637694545
2107,167991.11908800108
2108,135708.67751834053
2109,122388.66602463275
2110,121353.93789097667
2111,155477.20570551045
2112,155182.88156851707
2113,134602.6789941336
2114,117000.60748558445
2115,183597.15503907343
2116,118982.68484025449
2117,166058.31309570605
2118,138638.64244279684
2119,115977.9601778218
2120,104785.06917346688
2121,95741.155723657
2122,127628.66833943594
2123,127498.85950140865
2124,183101.50267040543
2125,124468.99746494647
2126,151763.4473713371
2127,144315.03690374037
2128,120755.47223850922
2129,14954.527654680423
2130,146355.11940134014
2131,112011.40623365715
2132,91061.2915374909
2133,119113.2572927745
2134,133368.70454069506
2135,113779.41643818002
2136,18971.289552286733
2137,110654.95582520962
2138,141556.3597425716
2139,132221.81298961956
2140,140155.71210789727
2141,189757.7960158917
2142,129002.04965989059
2143,152112.8275155914
2144,170792.90506192716
2145,140330.2610670526
2146,173120.31697214674
2147,196491.15059996163
2148,120602.2744071749
2149,126732.82463289308
2150,240234.66738116182
2151,123043.85310572013
2152,217036.59387054155
2153,194433.14878173918
2154,97352.53278604895
2155,139009.28963041422
2156,277651.17136010434
2157,227876.4895083604
2158,244565.04971834784
2159,224580.30004260736
2160,185219.0989313831
2161,221917.4242632254
2162,341896.08825918613
2163,352032.0221231603
2164,231241.23183228588
2165,218732.56795550394
2166,155054.5206496229
2167,227065.68093445967
2168,199576.59020601865
2169,197149.34138895478
2170,213169.96582393115
2171,160551.27754408168
2172,142115.27186074946
2173,232983.18018109514
2174,224676.3337764386
2175,255506.186986828
2176,299347.17494285665
2177,231880.46029001474
2178,214206.9928768552
2179,127852.8032246097
2180,195993.61629910488
2181,213242.77891721227
2182,226004.10381746385
2183,201808.61724627367
2184,135030.90661302488
2185,114547.34423429403
2186,131748.3349091201
2187,138335.4335398078
2188,157675.97562824748
2189,332996.657343742
2190,117733.28030965477
2191,46496.77474829648
2192,64648.85089043132
2193,124534.08249336248
2194,69324.36438931758
2195,99670.88887474174
2196,101350.00125587196
2197,121261.99721465376
2198,162777.45657900954
2199,163330.4282357525
2200,152683.85327445483
2201,148569.56782774488
2202,223593.90394811728
2203,126818.42285364028
2204,202860.39392223628
2205,143287.2969281308
2206,157393.60233413195
2207,267857.80524728727
2208,244877.20898236567
2209,265182.01503736386
2210,124760.1923908582
2211,124397.32930380083
2212,128769.38701101718
2213,95702.52924070368
2214,176322.3558577164
2215,102834.87471081456
2216,159230.66886468278
2217,70038.59635370295
2218,77757.91320672748
2219,80934.23415046767
2220,-20483.281350562815
2221,352667.41537742177
2222,307038.2944111712
2223,272577.38846089225
2224,198356.82730864454
2225,139151.44738293113
2226,181151.2345909751
2227,174184.90288607357
2228,292862.32768759364
2229,255428.20172635606
2230,155668.16374688828
2231,223780.06619038573
2232,193394.38845815556
2233,197250.94866616698
2234,252194.04824201833
2235,230057.26215633238
2236,251017.52580307703
2237,277723.42361353943
2238,182702.1023245065
2239,138633.55186819704
2240,146543.89952357928
2241,135477.56480934564
2242,112865.00937009184
2243,130071.47597053042
2244,93261.56023147772
2245,119307.75399149
2246,145273.4943307538
2247,126015.40573059255
2248,133166.1437834378
2249,117511.26349657169
2250,120400.27172844089
2251,115533.97116704099
2252,178981.17090551648
2253,162773.24928539665
2254,193022.38295911532
2255,180823.9127624086
2256,177673.48798352294
2257,211325.83401495684
2258,154334.75867163995
2259,178828.13506213482
2260,124934.6012068307
2261,230268.34177258634
2262,256227.33231384493
2263,378590.50266217114
2264,470892.1285202233
2265,180284.12618169375
2266,338785.2373953294
2267,391992.97581922077
2268,462576.22044013115
2269,161642.9192800005
2270,188142.971469393
2271,210009.69089489058
2272,165175.07340496406
2273,151798.54929718864
2274,181134.71099810116
2275,161557.02791301906
2276,210865.10680506472
2277,175754.09503391734
2278,157316.22358279908
2279,149656.7472962141
2280,103899.8868542118
2281,131121.63360338286
2282,138439.707927356
2283,115347.20881480793
2284,123870.36998609966
2285,151888.0108892785
2286,121759.65788746066
2287,396710.1185172363
2288,303295.89749787794
2289,343564.3079439793
2290,442339.5737430551
2291,354099.5627238159
2292,425583.2630073307
2293,454355.63963705814
2294,396946.2718942943
2295,439191.190421965
2296,288605.9284139173
2297,392406.8972800411
2298,393430.9256003997
2299,333828.654425947
2300,327519.2158125588
2301,336709.31246381253
2302,250065.7353692362
2303,266046.6411118037
2304,254222.73597742058
2305,203912.11949809548
2306,191437.27341089025
2307,199138.38827176113
2308,231419.05194759974
2309,307334.9115768634
2310,225452.93714851537
2311,204327.9339748898
2312,178601.66069573862
2313,165568.82182778977
2314,185481.11758126877
2315,180671.72918521776
2316,191944.10172912222
2317,190921.81337673846
2318,188008.52624353603
2319,194560.75335100712
2320,186894.71051822882
2321,225349.86278051743
2322,204331.91238404624
2323,201693.88990227878
2324,180049.297704407
2325,210632.73467669473
2326,168988.78233921574
2327,194993.41124034813
2328,215286.14394598268
2329,189505.85024414118
2330,181385.01979198656
2331,314372.43862331705
2332,398433.57608514605
2333,313650.6473005018
2334,271650.1095740027
2335,310936.18164862925
2336,297995.4177570245
2337,201887.62017195346
2338,241509.33022041293
2339,226288.23678286374
2340,375220.42196999304
2341,211553.68970369291
2342,227488.92956278427
2343,217425.5896460344
2344,213114.881309045
2345,212016.7859227911
2346,231385.9852605639
2347,210936.50227234513
2348,258571.39169240603
2349,208943.33086110884
2350,303347.58714217227
2351,299523.7828077134
2352,243138.78907984402
2353,243807.79113100795
2354,165057.11562664504
2355,154350.51431234227
2356,145015.5930489169
2357,186590.7778059221
2358,196851.9691450512
2359,119136.77697996749
2360,125495.65561645315
2361,144466.383754113
2362,269587.03353509493
2363,152898.6059234403
2364,151671.36843188433
2365,192818.28432878456
2366,196820.88079274213
2367,222798.07960076537
2368,209409.426283143
2369,196701.7303553261
2370,161361.2029251007
2371,165265.55302302656
2372,209099.06937243976
2373,301751.83267236874
2374,307809.5422362983
2375,239411.52270016377
2376,275270.02192333434
2377,330738.92338499986
2378,144651.40314731118
2379,191767.32718855888
2380,144282.74041740526
2381,167404.74668103736
2382,218518.9633015762
2383,197843.63318552705
2384,230439.98283825582
2385,145224.16991365468
2386,136501.05936643016
2387,127597.10269065131
2388,91600.81332337111
2389,106161.95295115327
2390,156528.12117942818
2391,136064.69986270834
2392,119618.45710339723
2393,161675.8313051688
2394,151283.81307114242
2395,199771.1942992867
2396,132586.88924664073
2397,199396.43322701426
2398,124713.48150872113
2399,91574.22577030351
2400,68715.395154831
2401,140057.51861785958
2402,140027.0860445411
2403,129122.03636492835
2404,156898.72651114478
2405,133816.37085164036
2406,135004.70276249386
2407,128032.75896400888
2408,135134.54385922477
2409,111461.45370691968
2410,176472.8043176923
2411,116132.371358837
2412,162794.11194357206
2413,126764.36998979584
2414,172343.07550425688
2415,127780.67679264513
2416,133807.02497296082
2417,132788.0277309534
2418,136854.3291090252
2419,136657.9649146567
2420,115847.84553075884
2421,135039.61024554004
2422,108070.74802051485
2423,115920.93524645036
2424,134506.4247535169
2425,189290.52178908093
2426,119186.41212113528
2427,113059.03588820342
2428,194980.08024321566
2429,110843.10444517806
2430,125791.72686245223
2431,105395.42272216454
2432,156760.7465935566
2433,165963.5364718188
2434,144203.24470624677
2435,162225.20534099406
2436,110842.24671861483
2437,109490.69454660825
2438,115679.28160398733
2439,79770.51475006645
2440,127908.53062582598
2441,98579.85637977114
2442,90283.37768894201
2443,134134.91173969535
2444,123162.77942873538
2445,98665.46194503899
2446,126151.27988010738
2447,176373.76202088268
2448,136570.95820878167
2449,101928.58708664589
2450,151535.94432534883
2451,117998.61842180556
2452,202226.98331698636
2453,118173.73894491815
2454,113088.97281128471
2455,125907.06415162422
2456,199140.68570155278
2457,157549.06056373823
2458,151317.18399378797
2459,129751.77771694376
2460,144740.5834512445
2461,139967.20254549896
2462,137439.80354024214
2463,131004.2652759566
2464,186795.2889576708
2465,121765.65856119245
2466,129199.68227590388
2467,116699.55896686343
2468,104299.01881968975
2469,106502.41302713682
2470,205061.73427924328
2471,225427.5603744723
2472,163649.26030536694
2473,126446.8491723612
2474,78579.2185610719
2475,210664.7594922888
2476,126723.05043355422
2477,111978.14980974514
2478,157640.63466931926
2479,106962.90415876638
2480,162715.11536331614
2481,123053.71173922019
2482,113485.32305940706
2483,112403.4930632629
2484,117429.97035951097
2485,138248.89276216133
2486,147909.86144325277
2487,201666.54038891662
2488,173202.34542937204
2489,162664.01127350726
2490,143237.93056729622
2491,100456.45804821188
2492,197384.5591667809
2493,157902.08744587377
2494,166125.1849904037
2495,100371.8706406327
2496,226636.096748573
2497,165341.29797466937
2498,127423.50743438117
2499,85874.12489933986
2500,104689.97967427736
2501,149493.98390818713
2502,138569.2162653245
2503,92440.47924967622
2504,212552.18032523245
2505,225874.91340565681
2506,240959.5888116567
2507,273872.0962596522
2508,237111.09118898492
2509,213988.28995005484
2510,218511.88787781587
2511,177377.1747671098
2512,221695.9710742347
2513,216079.71857436816
2514,298772.43868147396
2515,156552.84063524893
2516,169479.30750668515
2517,151983.36828548415
2518,155455.36704342114
2519,257852.74206061987
2520,216440.73729548906
2521,186694.2856101892
2522,221718.77881228924
2523,109518.11916005984
2524,133777.6098733074
2525,144334.77594184037
2526,159014.3250371362
2527,134765.50488546817
2528,183637.58736675326
2529,19330.746910782298
2530,136385.89566783002
2531,265420.0039852173
2532,217895.04220140842
2533,198087.6091332119
2534,257103.08468080778
2535,270956.6187061542
2536,240870.4692472997
2537,263880.81586849457
2538,187232.40547929727
2539,185433.649568412
2540,187751.0577905206
2541,174789.63216153462
2542,163176.28525499091
2543,116899.57373844413
2544,113532.25792289618
2545,122794.1948843766
2546,121512.5634003412
2547,127021.10363341216
2548,139706.9466637387
2549,137437.7547261133
2550,611312.6670146822
2551,143907.81364153372
2552,139233.77238688804
2553,104476.24397698417
2554,79636.3206915548
2555,100463.97352672857
2556,94428.51673096605
2557,89623.76143331337
2558,152311.56930767302
2559,143034.33358729957
2560,180433.6228129142
2561,157981.13264487078
2562,161490.81543344678
2563,159667.03025407204
2564,198031.3626188771
2565,190043.8724575499
2566,192839.65728456224
2567,127423.78077408252
2568,203099.10995370755
2569,228742.5431492189
2570,110349.24873210536
2571,190055.08701058454
2572,162182.20793426596
2573,220942.0692113582
2574,305650.49562182976
2575,127846.50258588884
2576,150785.09567513317
2577,163834.25890611345
2578,73644.39648961299
2579,56190.23856053548
2580,89676.67147021065
2581,97909.78394940449
2582,138264.85306628188
2583,279159.2894125879
2584,177641.19462179323
2585,174479.2157756919
2586,210375.11775401677
2587,200935.98168557044
2588,159164.44353009947
2589,145915.98806498526
2590,175015.42389496113
2591,243197.72824227484
2592,232017.4233780885
2593,269888.3595139035
2594,186942.16543144407
2595,235707.1086458885
2596,261844.70673970948
2597,203793.30228145747
2598,280482.25520046847
2599,371652.6124430802
2600,198878.97839534422
2601,110499.43333638646
2602,73820.78540795017
2603,78922.28610887611
2604,87122.27363966731
2605,73637.36387394764
2606,138668.49071644805
2607,199322.36409291066
2608,204679.96053702687
2609,159458.27841284312
2610,104083.93535739835
2611,228706.1764891604
2612,143255.34675309574
2613,127509.17720218562
2614,128003.61695941864
2615,155788.18354864093
2616,151606.03028858593
2617,187964.7639119425
2618,152942.97687449446
2619,196288.47454677243
2620,189348.20165665587
2621,175697.06718706572
2622,180549.91341649322
2623,238954.26953777578
2624,292023.04131256184
2625,331778.3150473647
2626,176275.01943282643
2627,180771.11924052867
2628,473093.10621070815
2629,519464.37754237466
2630,408868.4869461055
2631,457642.1382242297
2632,419311.82806322863
2633,330479.3644495518
2634,442867.36433764594
2635,134657.43857458606
2636,161082.3033408064
2637,201306.26004828373
2638,262753.36368179996
2639,180883.79262263444
2640,144083.92347748787
2641,101393.40628540097
2642,141452.80297781015
2643,98502.42747787386
2644,96610.49196272064
2645,112138.51406733505
2646,99311.98648250476
2647,108148.2232573959
2648,155716.51668139477
2649,158199.21561217075
2650,133342.90187586378
2651,136875.34100284195
2652,371742.13782045245
2653,258058.35386115825
2654,280699.39189654216
2655,418490.2328736684
2656,316255.56211758824
2657,370134.8085132893
2658,342596.6305496483
2659,332223.11600019736
2660,357272.91075938195
2661,375340.2384355031
2662,386926.779028771
2663,273389.9557954464
2664,307910.77364901965
2665,291657.2419029153
2666,301848.1947030667
2667,177575.42993733427
2668,183098.085886508
2669,188701.0851001956
2670,254528.17472563288
2671,187066.1232196465
2672,188855.51933702594
2673,188712.03065453144
2674,191678.21747722337
2675,197319.81465897989
2676,184538.81380319525
2677,201329.72097875434
2678,220911.13564503752
2679,272605.19866157323
2680,285790.0115613141
2681,382843.325299399
2682,311436.3056586776
2683,481830.01630257023
2684,321126.5218568505
2685,324237.34204796096
2686,246651.6512528141
2687,274144.31924703857
2688,222229.62947719428
2689,230915.11262996309
2690,361809.7184656039
2691,200834.88524828502
2692,173337.4664781303
2693,202917.7705205602
2694,149591.74985957565
2695,194364.09946568962
2696,181791.93749846146
2697,181574.14597962843
2698,197167.29136796715
2699,145908.70881911647
2700,135445.67908815946
2701,132596.35444271774
2702,99390.61407512845
2703,132066.33502251003
2704,141305.15607204102
2705,122035.81358160218
2706,95359.56495145243
2707,104131.53923635045
2708,144453.77066504443
2709,117702.32935334393
2710,133972.9919385258
2711,293452.97525520297
2712,396174.5947995088
2713,155693.9578973977
2714,138084.3898485906
2715,173411.77892152034
2716,120266.05473095132
2717,212011.2025417369
2718,223388.18029043986
2719,144793.75543807726
2720,168842.82164563704
2721,115306.33285680087
2722,143811.42676646495
2723,134403.44611271657
2724,129903.31499346904
2725,120226.77332573966
2726,128878.38536242815
2727,177988.8488856349
2728,175300.3788807441
2729,142279.81848417455
2730,147204.3218161324
2731,124312.01868261024
2732,146575.54333890765
2733,133280.30081042834
2734,133638.25126313092
2735,134667.00549848517
2736,125278.29341435246
2737,119565.73913775245
2738,121966.16401125351
2739,126376.24095647223
2740,124185.03403063538
2741,162621.55018314347
2742,152898.97256765421
2743,154989.97785842372
2744,162078.6531032659
2745,134932.1884159632
2746,136988.53341565188
2747,162096.2515343842
2748,109455.52625999041
2749,142940.11307896627
2750,106780.42649785988
2751,138817.4084258792
2752,197299.35611698357
2753,142285.59010112984
2754,192818.89014109317
2755,127198.25694842427
2756,78662.43907707557
2757,28488.964315968333
2758,67940.02261186019
2759,164906.78162267292
2760,122765.32781679626
2761,134827.15572364978
2762,139248.63289029198
2763,175853.59002776607
2764,131312.0626468493
2765,285233.53186458815
2766,203855.1314492782
2767,73573.3656974833
2768,119396.59127661493
2769,151269.4681250644
2770,125431.2982087885
2771,94595.077357654
2772,87031.30856710277
2773,178141.0716514564
2774,164046.29374968144
2775,120431.87260936247
2776,147415.19642099738
2777,161837.26878821896
2778,118051.52707423852
2779,119626.54202914378
2780,99105.93253963836
2781,100634.70819887845
2782,102491.15278795501
2783,91003.24630464404
2784,125703.88366421126
2785,132239.922545176
2786,66769.14595464035
2787,135952.4187728495
2788,76454.41243946739
2789,159246.77211317606
2790,77508.90100657707
2791,111248.7492669085
2792,62398.345087694004
2793,233372.799866586
2794,127374.38464871095
2795,122318.4998957885
2796,90896.71207619295
2797,252000.14716803422
2798,96407.09747802
2799,113829.92494163755
2800,69462.58353432082
2801,115301.27057273127
2802,150603.02228603745
2803,175093.14706769842
2804,108457.59734750027
2805,101163.77894472657
2806,76836.30908304639
2807,251862.21436908725
2808,150179.03202911117
2809,122238.73352654977
2810,122542.44708010368
2811,158412.00371314934
2812,183615.57941799704
2813,143317.66459777672
2814,154636.08655123203
2815,132103.35459840018
2816,196349.0203776476
2817,155466.13174389792
2818,133136.61205147323
2819,177616.76208996587
2820,129901.5709924351
2821,127134.62013885705
2822,158190.45446146396
2823,334205.2169377012
2824,176508.75447571697
2825,144411.5486148512
2826,133442.2937633777
2827,125946.9132115494
2828,244846.38909447915
2829,167839.51394129358
2830,211552.67068413855
2831,188321.24301300454
2832,236465.2635640842
2833,317658.0238052099
2834,240824.50087246555
2835,246167.32783185854
2836,187045.8509839808
2837,141938.82558246003
2838,143773.41410677508
2839,178793.59076201497
2840,201317.3576393174
2841,204445.16624925588
2842,220183.87029027613
2843,156750.05323945498
2844,161268.2825923916
2845,127270.28141708928
2846,212061.0444751575
2847,212070.28930897312
2848,232764.1325586955
2849,192230.03617868712
2850,256785.45934097236
2851,211508.39372265432
2852,221662.96456221654
2853,222189.39421354863
2854,132426.19142119726
2855,199113.69134487584
2856,197014.9906455963
2857,190412.4690062236
2858,206642.20029312465
2859,62882.00650826306
2860,164643.69133057422
2861,127496.05258753477
2862,204320.1842978131
2863,147857.47202250175
2864,255728.64539962728
2865,141933.8474375885
2866,131423.5571592655
2867,106504.54839813523
2868,89537.18204395822
2869,88728.27097366191
2870,113236.91336939903
2871,72999.74436317245
2872,30378.08071065927
2873,90712.11158794281
2874,154842.13038894022
2875,105900.06032406818
2876,187146.94912325963
2877,168899.2594478086
2878,169369.93970970088
2879,130687.83391667623
2880,114323.90612142114
2881,130232.72020684974
2882,206058.00237721554
2883,186979.15631397883
2884,198896.0082553567
2885,174379.5395761053
2886,235168.3143564153
2887,118690.01075672987
2888,141455.49491154286
2889,39738.54701608862
2890,80015.3978271943
2891,149637.282858375
2892,15994.107941281283
2893,84784.1540561826
2894,-17275.37542809453
2895,341797.03149310267
2896,291592.4942183625
2897,233049.63500778843
2898,139411.06905888347
2899,215225.3588900622
2900,151539.3624014419
2901,241434.27594790002
2902,162838.93043643516
2903,300909.44861303596
2904,340796.4634405356
2905,99886.69145389786
2906,165574.86766346777
2907,104577.08621966653
2908,117859.37809023727
2909,137093.91111148102
2910,69993.31371560041
2911,77992.33673484367
2912,165821.67184199556
2913,75817.29313720507
2914,64843.82222181372
2915,71320.87916410575
2916,86171.90421538637
2917,160602.40484004677
2918,132904.58101590443
2919,216175.03330499586
