Id,SalePrice
1461,118811.44429245545
1462,275752.5002634069
1463,180037.05498211342
1464,198787.78850030527
1465,223073.78639397258
1466,175006.53141472721
1467,172574.88930225046
1468,150776.30621050484
1469,229607.7367778488
1470,115602.23307605018
1471,136416.16070159758
1472,117633.49233693816
1473,100790.07938747387
1474,150231.16572632082
1475,112113.98966465052
1476,384632.13412604434
1477,264534.1019329962
1478,321467.3382623284
1479,331127.72644303413
1480,467792.54344719555
1481,330814.49705131864
1482,218980.39827993745
1483,176925.07935957587
1484,163880.458159592
1485,184277.870654403
1486,186154.24834603025
1487,335810.07505405555
1488,223783.1124240458
1489,203507.9336675536
1490,252017.48125227843
1491,198035.7973981467
1492,107215.7153560631
1493,219608.4885616009
1494,290610.26943490235
1495,290789.4035965386
1496,218585.5840340685
1497,171582.92343690433
1498,183153.27115006
1499,174176.57245977782
1500,154249.22712830687
1501,168660.0949144452
1502,129088.04028318077
1503,317193.2801405825
1504,238793.33875471493
1505,221221.8455316876
1506,187142.6442615192
1507,251002.454450835
1508,199316.99865512946
1509,158260.49569296
1510,134018.14805634134
1511,151946.59854103602
1512,159873.09953669365
1513,171118.9026202103
1514,146991.13813454704
1515,207153.53139885538
1516,161711.10970751988
1517,198034.44833995495
1518,123918.26528759021
1519,194194.5538072856
1520,121632.2705106372
1521,131261.32871107804
1522,190220.00686268928
1523,109608.18369561294
1524,135094.21380790323
1525,122795.57795435563
1526,120492.92653590301
1527,103217.69553354522
1528,130957.32925428916
1529,169648.8250765223
1530,218472.33095888374
1531,136569.23782809475
1532,95282.39258118882
1533,141161.65305827535
1534,133161.40523723257
1535,148259.10203168867
1536,113093.60861429153
1537,48125.0054358053
1538,153874.73650757573
1539,198552.4750999401
1540,108327.63779721875
1541,153414.2586672036
1542,161393.4644081355
1543,173996.43668912398
1544,84394.46298386296
1545,124570.52667539148
1546,137108.4919777608
1547,157116.13404855272
1548,163369.46564179845
1549,113331.75653869729
1550,125622.89780295384
1551,108160.54440998007
1552,163585.42573858565
1553,169971.37947261147
1554,119944.6230215428
1555,167075.811818589
1556,97605.38546396373
1557,140660.96881357464
1558,106938.05449158233
1559,103224.49293583492
1560,102729.19521059515
1561,142171.00487587834
1562,141444.10798426182
1563,140554.23872804223
1564,135786.06858874694
1565,160688.46223184676
1566,240879.5813947264
1567,92930.77733144653
1568,217886.34113082942
1569,126874.52476699324
1570,130274.08687281376
1571,92357.20344258263
1572,130283.79948551347
1573,319207.8333535509
1574,133314.11899006972
1575,246310.1784064665
1576,216850.51286788844
1577,200521.1337429562
1578,141411.62339568557
1579,123230.48739919486
1580,196416.3081865178
1581,164645.0857518469
1582,133078.15128197148
1583,263336.8379668107
1584,222999.94957811316
1585,132409.49065665924
1586,94988.72480231221
1587,122954.83350248425
1588,164696.66233587218
1589,90342.72795007192
1590,123563.77506786119
1591,92497.68902488658
1592,122592.5649896157
1593,143018.05311611947
1594,106556.52656856133
1595,112304.5860020225
1596,216623.13953895867
1597,184355.24870501738
1598,215139.71260220418
1599,198941.09827817
1600,178836.89984138263
1601,63548.1546529457
1602,144895.53062053863
1603,53599.556570197456
1604,283374.2123374529
1605,224403.3895273346
1606,149663.25841007708
1607,174937.74917269335
1608,214577.32338526286
1609,198183.8480358941
1610,154751.20388207678
1611,152111.8292135673
1612,186264.4084068851
1613,162546.42488919012
1614,156684.43248062884
1615,97716.40488727833
1616,68317.24021229707
1617,88427.73984302091
1618,135863.57263485668
1619,150948.35703283967
1620,167375.43901520967
1621,142773.31434636004
1622,161519.42622038582
1623,262317.71690458176
1624,194609.87479160167
1625,118192.68512969953
1626,153474.6484392241
1627,186661.2594919065
1628,269312.25824849866
1629,188349.78670547437
1630,342849.1858393685
1631,298805.3138041033
1632,248382.65154433157
1633,178274.47016082658
1634,182442.844458404
1635,178040.70552103827
1636,159769.9468315295
1637,211973.8628152185
1638,201218.90850757947
1639,188283.9395620562
1640,244429.50193913723
1641,194243.9625444871
1642,264676.0287747241
1643,237076.4950046274
1644,247310.11729513574
1645,207817.32292898884
1646,156304.09728922741
1647,161189.045061894
1648,131409.9179555769
1649,132508.7012574023
1650,102637.81916881492
1651,108210.96845915401
1652,103087.22759164008
1653,105314.19969944074
1654,151420.14595232997
1655,123577.31049454235
1656,143315.22884286917
1657,159029.30812747125
1658,150547.94310131785
1659,129347.7184495898
1660,152166.86974035064
1661,413401.90327294683
1662,383020.48493679543
1663,379586.4077091052
1664,477427.36901152786
1665,343556.0249462072
1666,307981.4681908898
1667,374550.6168022067
1668,355254.7910245517
1669,321312.5043194508
1670,358690.278968293
1671,264101.70621289685
1672,369342.7505536799
1673,290345.65864795307
1674,245939.8143070985
1675,198621.05265055574
1676,203251.65443933173
1677,213509.57686006324
1678,471973.64811957395
1679,380660.4992172094
1680,339378.9028484053
1681,281017.8400941212
1682,328872.88754705293
1683,197323.50267720385
1684,176501.3307402935
1685,169540.3742089686
1686,165583.6715659434
1687,161782.44815772376
1688,177126.7434461841
1689,186162.83080854686
1690,188645.9092211125
1691,184004.89050456323
1692,237918.24564741878
1693,180805.48278501187
1694,179895.31860464858
1695,166649.1259525998
1696,260264.69687948655
1697,169641.4388201132
1698,324347.1221725228
1699,312875.9913188154
1700,281713.52166727255
1701,292469.4550460605
1702,222398.7148027271
1703,220716.3669509592
1704,246580.3639389549
1705,251989.14938886184
1706,213509.39999332908
1707,223702.45648200903
1708,202495.99121498456
1709,235212.88486229582
1710,232545.20425886102
1711,264326.30067603337
1712,249261.451496623
1713,257887.11008536257
1714,224359.0168636099
1715,210317.11793182045
1716,179200.07272164477
1717,183027.98326718202
1718,151205.04936665157
1719,225459.8148617614
1720,211964.1657614843
1721,159443.61977103422
1722,130344.34693839354
1723,154338.02653949475
1724,204890.6729873831
1725,234591.72928789118
1726,199738.97908540163
1727,131386.9309175918
1728,171372.65368296485
1729,163308.24243748374
1730,129495.26058871509
1731,97365.65337758884
1732,122368.72897419939
1733,99602.93681488372
1734,129010.95724960952
1735,109592.88365979353
1736,96208.83779384242
1737,275253.08054806944
1738,282762.05179798
1739,247583.21349728806
1740,205255.38712734007
1741,178917.59154028306
1742,164312.0344948161
1743,161806.50107133226
1744,352927.99859319534
1745,241196.60433572764
1746,221784.39138503186
1747,223036.6357795326
1748,210260.29879142437
1749,143996.07636047155
1750,133214.8051543443
1751,250104.70881559234
1752,122567.55017225328
1753,160510.31513442844
1754,206208.42600474134
1755,166811.14390799496
1756,132837.71861075633
1757,122822.04336532205
1758,131915.50398763665
1759,153417.26667901874
1760,158374.8525664853
1761,145591.8923290735
1762,186627.51280657342
1763,193076.32546486612
1764,128175.73599971319
1765,228329.80555508798
1766,189327.9723984499
1767,206084.18574155937
1768,138093.01007005293
1769,164493.26717883162
1770,146307.2897233311
1771,136265.47674656427
1772,149399.84295846778
1773,124788.57399285119
1774,144564.31074568583
1775,138165.80976021243
1776,142779.28234483209
1777,116152.77549578995
1778,144486.1117790758
1779,130929.78725675773
1780,146772.76904875762
1781,131390.80990680913
1782,60753.49808148062
1783,121189.76727766544
1784,107172.93815313466
1785,137937.92149817175
1786,156619.05354920682
1787,142265.33767541032
1788,84406.94762542774
1789,97463.3672274393
1790,57507.212463615695
1791,161789.18214529078
1792,176495.8630341324
1793,130820.0400007125
1794,152696.33474589186
1795,141457.601854912
1796,163134.41274611582
1797,124597.27850561822
1798,125214.07680331822
1799,96968.10291930428
1800,131241.10532188276
1801,107859.86557210889
1802,131797.74823214696
1803,153561.64491324942
1804,103653.59345936868
1805,131182.3475779593
1806,126415.49918198702
1807,126327.06723829289
1808,118349.54152722983
1809,136696.33037756896
1810,144067.75033142185
1811,146963.5099555219
1812,123533.27287777071
1813,144024.73807642236
1814,113593.94764268398
1815,77231.44514970225
1816,131680.54253782285
1817,117018.89207685553
1818,159750.66815961385
1819,148506.37190760672
1820,56706.93685943121
1821,141933.26162928203
1822,146854.68848200375
1823,74329.6783502535
1824,123750.49095230456
1825,160781.31631725794
1826,124263.93930794764
1827,107542.59401500341
1828,136718.12459693616
1829,109089.86488204356
1830,139851.09798799036
1831,162231.15199959395
1832,9062.787843261845
1833,144232.7003929885
1834,119612.43036102038
1835,100809.32348916074
1836,125099.05203993572
1837,83971.35806351807
1838,108699.86750755459
1839,112240.33591086906
1840,170536.032593627
1841,127443.62772389501
1842,79505.58481998905
1843,138032.39317940315
1844,175470.3850966529
1845,157461.77038040152
1846,159273.24403023836
1847,182340.1663856546
1848,47271.153105519246
1849,145805.3777455804
1850,119392.21095820912
1851,146324.1135427677
1852,109742.77194781858
1853,107931.31366322329
1854,172961.32231306378
1855,174484.68924126308
1856,223083.22663258505
1857,166830.80171867413
1858,141203.69306499534
1859,119370.36250098958
1860,145657.59173459467
1861,118026.82771904767
1862,265150.19125184976
1863,257140.19095902052
1864,257172.28684208705
1865,368507.6566113536
1866,338985.8147112322
1867,203151.55769955227
1868,270615.2032338255
1869,204529.561914118
1870,209028.06042359816
1871,276572.81700111367
1872,171319.6911693588
1873,231009.32448279648
1874,152646.54297298286
1875,190747.0959614995
1876,204560.7902851454
1877,200773.0668998512
1878,216888.4969393732
1879,140527.97248239396
1880,127908.59722173912
1881,221622.60159008903
1882,225220.80593149643
1883,182683.85648941132
1884,206563.7172504752
1885,228878.56137076532
1886,294787.3387907101
1887,215218.7684911529
1888,239662.12111208262
1889,166794.85840996448
1890,99157.74488296802
1891,111642.01451846003
1892,113188.24753680499
1893,128818.4797595311
1894,109160.26501319068
1895,147170.94635114353
1896,134553.16952043516
1897,111982.60408571316
1898,93509.2513587547
1899,179815.62851839093
1900,144136.80466574244
1901,210531.86799684283
1902,194962.8554204167
1903,213486.0597338844
1904,173858.96426501172
1905,184829.17916582292
1906,197424.84084898047
1907,192037.6300923971
1908,107937.0729968145
1909,124295.3120710731
1910,110978.45647037658
1911,222200.01302291965
1912,303245.59619570244
1913,153268.000051399
1914,48985.418378118426
1915,355087.65564188594
1916,48566.99732572073
1917,229411.84728092933
1918,151739.75018233992
1919,161538.27700748201
1920,180245.5411660578
1921,388018.0806930922
1922,356732.8501101569
1923,258837.56522987457
1924,220047.21983897407
1925,210241.84742186824
1926,392454.31835409
1927,131826.8431911494
1928,174298.9066979508
1929,120672.5279608327
1930,152515.91605974967
1931,135953.09058058867
1932,142174.45147057204
1933,201138.3407163506
1934,181779.55521261087
1935,164595.78203454101
1936,211767.87821731903
1937,190603.06505668163
1938,174122.00841629808
1939,320262.15591306705
1940,212384.83239757363
1941,166527.81973008718
1942,160559.7436211207
1943,259347.73384973407
1944,401094.1260266735
1945,424095.8852065224
1946,143591.1248922455
1947,172100.28038065042
1948,196566.82765609212
1949,261253.2368123969
1950,167348.18058216572
1951,234822.0325232835
1952,198698.00886988034
1953,173102.42433752422
1954,183970.10252543213
1955,121196.07806672342
1956,289937.2807378175
1957,161028.88732063142
1958,226439.39716757182
1959,119509.24803138222
1960,119489.99822361767
1961,126491.00875102426
1962,99797.18597196043
1963,108421.41208822583
1964,114162.3101475474
1965,128370.58042964665
1966,139763.5060855616
1967,311505.19532190566
1968,399548.98410606245
1969,397563.51657458744
1970,390745.1703899184
1971,453619.7074822262
1972,359911.92165622395
1973,313972.00311900396
1974,336888.14933308447
1975,476811.59818849247
1976,275837.6337783849
1977,346268.333570539
1978,352322.47970965854
1979,314970.8726623042
1980,222048.581426654
1981,332731.0388200134
1982,215289.96148996055
1983,215180.51869887626
1984,180038.2864200133
1985,219934.87843222707
1986,196548.94220731617
1987,229381.6968643833
1988,167039.30826805648
1989,182612.8922915114
1990,197334.13974609878
1991,226200.49926490942
1992,217481.31612429977
1993,167300.2041698736
1994,231835.1328064506
1995,175291.80520442617
1996,276642.1544748666
1997,312931.38161536073
1998,296011.43981483765
1999,309153.2643667916
2000,307300.09074412053
2001,286930.3110848167
2002,235766.12286040327
2003,227283.45009404933
2004,266236.69699454587
2005,233730.75375559088
2006,234147.77213102486
2007,230850.35621369095
2008,253268.08711392106
2009,211215.31745236018
2010,193430.55102284672
2011,151668.18526503025
2012,173598.14317545597
2013,182516.78878171183
2014,192449.65802716045
2015,221235.5558501128
2016,192249.68192076054
2017,206091.0748072248
2018,114767.2807441086
2019,138676.98474249872
2020,87907.8691377379
2021,92273.88216767414
2022,203409.3263705871
2023,156886.17091376428
2024,305712.01612719265
2025,372862.9608485636
2026,180918.4695995953
2027,159705.87525503337
2028,153065.78562277555
2029,170926.55869455216
2030,236762.232941387
2031,215081.38230714155
2032,235139.85050847637
2033,222479.5751410774
2034,164728.49040672928
2035,227828.99400938232
2036,194522.0751049018
2037,209113.1171452487
2038,345196.7753110635
2039,226955.62448519818
2040,328635.8520167307
2041,288267.4647854138
2042,209041.22638159618
2043,166430.0592638962
2044,191231.41319295345
2045,195212.90467227576
2046,157821.6554738409
2047,130459.89553014841
2048,139344.28805114282
2049,127999.08906202577
2050,162369.03676617332
2051,104489.64627163089
2052,118843.13918042742
2053,146452.80600951565
2054,76537.22873771563
2055,186538.55267631845
2056,146235.3254519496
2057,99587.99494076613
2058,190375.9651028628
2059,129628.62242037826
2060,186436.86008842709
2061,170300.81678927224
2062,121846.19060939015
2063,128076.92953729862
2064,132120.33905201266
2065,59495.62120703026
2066,178099.6037230203
2067,138104.96195740695
2068,143154.52393378736
2069,78333.4476132947
2070,102939.22910816642
2071,86019.1222759625
2072,114362.94735547062
2073,113116.41041547712
2074,202219.09585698321
2075,171226.1354710746
2076,124343.1371417602
2077,168844.01920974138
2078,141672.39179339074
2079,132736.99804701284
2080,120858.99214177881
2081,114634.60776784713
2082,141514.62470826902
2083,157670.723438167
2084,100532.58810840966
2085,123443.07413979527
2086,123242.18523694482
2087,109275.09018264082
2088,97949.6132278475
2089,92281.37589206407
2090,117777.20606253808
2091,93519.34985769028
2092,130733.8063522412
2093,171350.61179697746
2094,140962.5731291417
2095,200992.81349369208
2096,98695.70735509321
2097,90035.93074829527
2098,155650.64620804507
2099,31696.00104677677
2100,50767.77525303699
2101,135010.2912634518
2102,120563.11110288044
2103,109661.23909283336
2104,157032.30782192387
2105,150890.85388792446
2106,119062.27932981006
2107,160098.99503174913
2108,137450.56363566476
2109,120262.44882456772
2110,108067.44713834673
2111,168440.60791564337
2112,149189.07135535707
2113,131788.67637590296
2114,109728.32241111668
2115,183305.63760941965
2116,118381.33004253218
2117,166722.58899474097
2118,141398.52534859278
2119,114615.588331535
2120,109177.96708150022
2121,70719.55328290537
2122,130854.86402304098
2123,123972.15090968926
2124,179809.05793254264
2125,120529.97328578262
2126,153126.4891746887
2127,131660.52718550572
2128,121211.0913010023
2129,15346.727539849235
2130,143203.6258217846
2131,121184.23133424507
2132,91725.87160238018
2133,114982.69864710234
2134,138452.31031454983
2135,112549.31452530646
2136,25146.355282913893
2137,108196.01341080712
2138,144058.88353252038
2139,130160.63300371193
2140,137644.7859914538
2141,189081.91107820417
2142,126490.82443939056
2143,153504.9808921963
2144,156868.47347387858
2145,140759.20533600706
2146,182824.28072125744
2147,189319.8103306503
2148,123081.78750633472
2149,125197.94786631782
2150,237859.979527439
2151,127304.11231734091
2152,208273.3314674704
2153,193621.89310766337
2154,95597.44277655566
2155,135021.3886006507
2156,276190.90126399253
2157,229384.44513611752
2158,244054.72297317674
2159,222011.82832264062
2160,181705.80841354746
2161,216522.4877656377
2162,335484.9509927337
2163,340392.2782825269
2164,230878.25335943722
2165,205105.44321041577
2166,162856.7245522379
2167,227024.7848265469
2168,194281.6185055219
2169,197014.92834447324
2170,244238.96045028558
2171,163321.73929233872
2172,135915.6528145657
2173,236179.00616833149
2174,223670.45754243992
2175,247678.98462555022
2176,293511.35309730005
2177,228287.77157871425
2178,210733.22471123282
2179,128018.78416952328
2180,206671.6142560409
2181,209982.83593810303
2182,223189.3974535633
2183,200188.63919199398
2184,134883.2819842829
2185,127026.75650966214
2186,131595.7616569486
2187,133488.64890930243
2188,153872.47079150798
2189,325939.6989544756
2190,153254.03483812558
2191,52342.7840538437
2192,86299.21173512004
2193,128373.72722883802
2194,69333.99339098111
2195,125330.31842923956
2196,91860.6082883915
2197,125662.60363135906
2198,162354.5362040389
2199,162272.75439332658
2200,150275.3618524156
2201,139938.20592588675
2202,228242.12941267574
2203,126886.40354507044
2204,202701.53861470148
2205,141714.19523375714
2206,160222.57431903202
2207,262725.7202905696
2208,244558.76491157664
2209,268099.7324232906
2210,125013.3503026003
2211,123203.28638395015
2212,122417.78617492924
2213,93976.19765548548
2214,173688.1432509604
2215,99270.10296492092
2216,153164.8529594969
2217,107316.30045750225
2218,66810.1345951627
2219,42345.84199108509
2220,-34339.56179977255
2221,354205.3207259942
2222,309369.0879761579
2223,271716.0373025192
2224,200557.39588602958
2225,144360.89298013807
2226,181258.5339194229
2227,167284.7266095532
2228,288414.2062158501
2229,254195.19734441978
2230,154378.06576362113
2231,223423.29135953845
2232,195327.31334366906
2233,199097.63589586667
2234,244477.19711304223
2235,226590.42129364633
2236,246732.76394804614
2237,269929.9446652853
2238,184950.00849676854
2239,148992.78767322982
2240,143261.94487372646
2241,138858.1195998951
2242,109414.90423911856
2243,126116.96540439082
2244,93057.90037459345
2245,121387.82698412566
2246,139965.0955982767
2247,124739.3112913398
2248,132343.6671388396
2249,118604.31284270575
2250,121157.13623594237
2251,108762.9521729718
2252,177698.82893240266
2253,158997.6315024537
2254,186175.73008191166
2255,177907.9004122489
2256,181639.00980039733
2257,210520.05294947885
2258,154807.64774698997
2259,178225.93065389013
2260,111363.3493436072
2261,228549.68823757186
2262,257636.65510235005
2263,368744.32815198204
2264,441986.80528611597
2265,186034.03464625822
2266,328766.1647914022
2267,388200.77720189234
2268,470120.28599084076
2269,163756.03327454068
2270,189751.3769657882
2271,210587.02658554493
2272,166038.887021126
2273,155005.6604164401
2274,182339.74619179987
2275,159246.41427514958
2276,205417.6157916123
2277,174794.10510150716
2278,152984.8192029565
2279,155350.5263455538
2280,106715.27581585059
2281,128644.37458119215
2282,140623.54755515675
2283,114024.45637812885
2284,125416.12413769541
2285,152192.06894313078
2286,123542.09513112903
2287,401777.06732735457
2288,306195.76924805157
2289,354510.90889841225
2290,451567.85491622286
2291,353168.05736873485
2292,431894.6646673102
2293,457887.05498286244
2294,397383.14711755235
2295,441134.8549640812
2296,289934.8648823672
2297,397177.7796367225
2298,397111.0783842993
2299,336624.39324984956
2300,328668.07216338976
2301,338586.1977475113
2302,254686.53042678093
2303,269421.05901421234
2304,257403.84429166815
2305,208758.2676220159
2306,195907.28065839247
2307,198956.23776933178
2308,210498.52172458288
2309,303777.26513550896
2310,226810.75343784923
2311,207276.09143012902
2312,182313.10415297654
2313,173758.65014939988
2314,187807.12354026805
2315,181196.23012010287
2316,189686.60501490976
2317,198603.46392493206
2318,187380.74757748656
2319,194849.3100174605
2320,186614.02105410118
2321,227108.89346721256
2322,207920.47673452133
2323,206121.7310001289
2324,182401.8474705615
2325,208336.0769695961
2326,167813.98501885636
2327,193274.6003981065
2328,213850.23248987575
2329,189780.39162207348
2330,181394.6470614425
2331,313562.5601107362
2332,398539.5629920745
2333,314535.6317713703
2334,272232.4546899614
2335,311862.28583952505
2336,299199.00220326753
2337,200076.48447706318
2338,239395.34108963935
2339,224980.73726321175
2340,372192.47057326604
2341,212410.53175804997
2342,227280.0790871696
2343,218334.39601782523
2344,217368.0111856968
2345,209992.1818211032
2346,226081.60671819467
2347,204084.3890010831
2348,254707.88585537625
2349,203489.97454445623
2350,294805.873194047
2351,297092.24276183685
2352,234177.199214946
2353,234548.44838648057
2354,161531.7453578862
2355,154544.90943657001
2356,150861.2516182966
2357,183192.02971825819
2358,198900.48835177952
2359,117329.21357344976
2360,125433.39553547138
2361,147405.98277410213
2362,264270.9226568802
2363,162923.81128864433
2364,158885.89230213407
2365,184383.06172363297
2366,196018.44175148895
2367,220888.84444812173
2368,209985.36450854596
2369,198122.3622725103
2370,165002.4945222591
2371,158831.281587644
2372,218244.5246375585
2373,308370.4427759587
2374,293173.99401041935
2375,242185.2615661181
2376,268571.79501402704
2377,326646.40642411215
2378,127193.7887673499
2379,190537.14506394742
2380,144386.30105982115
2381,169688.91177223716
2382,220402.3396987461
2383,199309.065473523
2384,233902.7514051902
2385,139544.7692309632
2386,139819.29104124103
2387,127355.37524610921
2388,91668.28757126117
2389,109415.88767329883
2390,132859.95822934574
2391,130812.69764285604
2392,120978.1530286232
2393,137988.1187909285
2394,157863.0414507147
2395,199803.4040375962
2396,134761.11397311185
2397,199813.332956712
2398,127717.40081301471
2399,85478.39923777175
2400,71139.21472909907
2401,144959.3418783862
2402,145078.1483637062
2403,132295.81082927017
2404,158648.4039598906
2405,133299.67992574023
2406,137628.96537465625
2407,131286.00890914444
2408,135751.41969880532
2409,113181.96954772994
2410,177946.4622025881
2411,116001.24601963302
2412,162352.24951026798
2413,128560.16531825345
2414,181082.3190122766
2415,131559.39947872655
2416,136535.2058392805
2417,136706.0975411213
2418,140792.82550246455
2419,138927.63136278046
2420,116362.5542443695
2421,106192.38539241021
2422,99042.78671449935
2423,110983.63003708934
2424,139510.6217722341
2425,199509.68360268464
2426,120825.59470085055
2427,115353.4860808258
2428,196271.72092321469
2429,110986.98402488558
2430,126088.9474515696
2431,100771.60687607108
2432,148747.4511680063
2433,166760.53827835806
2434,144650.89001036133
2435,162133.3344754791
2436,118636.41438544891
2437,106092.93615814624
2438,123039.4795596865
2439,78818.6214862382
2440,131256.53761769645
2441,97457.42408947786
2442,94064.151969573
2443,135762.01638698205
2444,129639.4344488068
2445,92441.39791161241
2446,132762.3393344856
2447,183993.8872392755
2448,144886.15362100606
2449,107742.12659684406
2450,157813.35419707047
2451,115076.92486049654
2452,198126.34115135297
2453,122354.88947754423
2454,124617.20287538366
2455,119603.29643756244
2456,214854.0593385247
2457,134002.03039957606
2458,144888.359325849
2459,132235.3780516202
2460,140687.80405506678
2461,138227.46076150425
2462,139310.284137293
2463,129532.36111021368
2464,184068.42359820846
2465,125326.48376419256
2466,129557.54920869926
2467,112994.0438060849
2468,116980.07887987955
2469,124760.15284743533
2470,199913.0377692571
2471,223516.59597391216
2472,164680.29987892834
2473,128711.29859152995
2474,81857.08673757478
2475,211116.70086293807
2476,120138.00228020595
2477,109484.2082572626
2478,160573.0180631657
2479,111917.92070929753
2480,158162.9577830946
2481,120632.22203718172
2482,110640.12824520515
2483,112278.65369777544
2484,113033.2993176463
2485,145676.01537364582
2486,147392.369587871
2487,193761.8804591475
2488,174626.46459807083
2489,165282.13059400418
2490,145944.11147583392
2491,100732.84785522288
2492,198274.62362393062
2493,157249.57370298705
2494,160082.07499962114
2495,101784.98000679235
2496,216920.30262444587
2497,169581.2878066525
2498,123904.29081480391
2499,84701.39546709461
2500,104269.08405518439
2501,148322.95537445974
2502,136094.7591737518
2503,86970.06123651378
2504,184935.57457611104
2505,202474.5941190035
2506,236661.29707143456
2507,271589.92714039795
2508,232071.25844126754
2509,211378.90414545755
2510,216898.17046375107
2511,177257.90196597995
2512,226232.9600640398
2513,221747.33906943863
2514,300405.1242133577
2515,151490.13725584326
2516,169682.1340355659
2517,153068.35252578487
2518,163734.5941732854
2519,259850.12995814625
2520,212656.18727668142
2521,185404.03222136386
2522,221736.31723620812
2523,108175.38363159192
2524,127340.12989367498
2525,133408.71399553446
2526,154215.93683054205
2527,129934.41091260221
2528,189982.41584633174
2529,23856.817351802252
2530,136113.8848218182
2531,266512.99227084056
2532,218851.6786225019
2533,198662.36663797963
2534,263059.25789424777
2535,267126.1860484483
2536,240158.66625103075
2537,266578.9828558443
2538,186685.76290350594
2539,188581.4964264431
2540,186199.7009893139
2541,174219.1918320281
2542,162928.67694952898
2543,124422.38319085469
2544,113590.32178160059
2545,123893.68435138743
2546,116945.13132872479
2547,121421.58039374696
2548,136756.72814569995
2549,136484.2508142779
2550,750049.5728329406
2551,144882.56375559187
2552,145260.91561057558
2553,125554.18142324686
2554,82664.55979472585
2555,100625.74796026759
2556,95811.75636484008
2557,101075.1216148478
2558,164380.15389037924
2559,154160.1830860884
2560,183938.8812733048
2561,159616.99112020852
2562,134553.98066372867
2563,162981.57353562443
2564,192077.19501796179
2565,199157.16909772018
2566,203490.5681976555
2567,127030.87685613288
2568,212888.43224946503
2569,202582.64142215624
2570,110616.39745389391
2571,187479.76024357346
2572,161654.4731377086
2573,215386.79446357908
2574,279984.2336422894
2575,124898.14419522579
2576,133582.97152342554
2577,159300.60004555015
2578,79635.13273355947
2579,55154.76759558753
2580,85623.70820769086
2581,87813.35771273682
2582,151766.31397933932
2583,283140.1443051151
2584,170826.08828461077
2585,176279.09873042675
2586,210789.7207404594
2587,197932.12990679964
2588,156414.00791590195
2589,147853.989687087
2590,170141.9928471807
2591,241681.26538948482
2592,230066.76970250998
2593,270005.98301332025
2594,185815.15856401855
2595,230651.8610945011
2596,260830.20890997024
2597,198622.58322624955
2598,281462.58179564076
2599,378995.96111847204
2600,154936.68850581278
2601,102519.30586651922
2602,74385.90321644908
2603,78356.30828652298
2604,84536.3873385936
2605,73222.3609204567
2606,143873.4005144399
2607,214556.43520688778
2608,203769.04346211767
2609,165834.70134504605
2610,109741.19095873972
2611,209282.0489378255
2612,143252.3464699816
2613,128263.47488346742
2614,130675.43074120418
2615,157680.7552233995
2616,153230.84122523433
2617,186459.22353010578
2618,168811.20148493885
2619,194420.63785942923
2620,189081.7292383369
2621,176709.50937420363
2622,178902.12105925148
2623,233253.79021999845
2624,288647.7389747952
2625,338875.94098631246
2626,175221.19174877857
2627,173479.59539618366
2628,466057.66088543227
2629,513080.04775277385
2630,401683.42483168514
2631,445696.6381060146
2632,406981.2178663381
2633,321425.5858624326
2634,437814.0575936199
2635,133085.90415821504
2636,163052.1862010397
2637,203603.1764130448
2638,261932.18105526036
2639,183880.87271926715
2640,143540.92805705685
2641,106016.61942111468
2642,143737.26399834407
2643,96472.1512709274
2644,92822.39404567936
2645,112837.96384582575
2646,99801.5223523709
2647,109124.63894699374
2648,154706.81329687452
2649,162480.74562656134
2650,134648.92155814916
2651,138278.71413209592
2652,371706.71271652915
2653,263221.56448852946
2654,281602.41888669436
2655,424704.88046290353
2656,318121.2387111923
2657,373628.52363200556
2658,347605.9967624
2659,333959.27324959077
2660,355688.075102624
2661,378235.43368337187
2662,391368.7146781585
2663,276300.7913014032
2664,305357.15960657503
2665,283957.01306779566
2666,300379.56940346025
2667,185260.80758770276
2668,191625.76698567206
2669,186475.96140856436
2670,250403.73500191863
2671,188086.94305444788
2672,188530.34465524973
2673,186780.25125627266
2674,193940.14074583165
2675,200485.52667479357
2676,184178.09762710496
2677,200683.03772557247
2678,213864.20008505788
2679,276038.07350552734
2680,288582.35135675175
2681,379950.16170060914
2682,315651.6346717132
2683,487639.5848398362
2684,325530.49654281395
2685,329592.88714043517
2686,253790.6991180554
2687,278204.05394086335
2688,221849.48521206318
2689,227040.7952026953
2690,354194.4753754232
2691,196896.1995320595
2692,169211.9297979311
2693,199860.97102387738
2694,154857.82352711423
2695,193523.11868667463
2696,180105.23425366054
2697,180565.49705712707
2698,232675.73863613931
2699,142045.0979429013
2700,132644.56023320463
2701,141162.29033882264
2702,106033.5094160426
2703,146112.00870818645
2704,139057.96304647112
2705,116309.2402341864
2706,105808.43974829093
2707,114305.95015236572
2708,141474.64973641
2709,114194.71104104165
2710,131052.18582847482
2711,367781.47536597494
2712,407525.5673229953
2713,160197.69896252058
2714,146454.15893765725
2715,165387.03539809072
2716,114350.24722464755
2717,217612.8575021953
2718,230898.37654856197
2719,152458.20318234782
2720,181274.5182918082
2721,117494.0903569581
2722,147233.98379666498
2723,133760.41044021398
2724,141292.89481055387
2725,122256.13670479064
2726,129248.50595706236
2727,184087.99488343485
2728,176298.20726599055
2729,147516.75192657998
2730,147314.8185311933
2731,128194.26791916182
2732,145354.42083351966
2733,139352.9659942547
2734,144907.67804294033
2735,136151.77776365983
2736,126568.19572000531
2737,120284.47719466826
2738,125877.83867848339
2739,129241.61744504701
2740,124989.9503114475
2741,164301.86663637124
2742,154948.26436216268
2743,155629.00283749984
2744,166124.4504886712
2745,135763.4797339472
2746,134617.83969056047
2747,164708.78721395694
2748,107237.26185046905
2749,146185.23211029777
2750,104649.83014328498
2751,141592.2158733639
2752,200313.5329653672
2753,134688.15360835777
2754,195998.3193429401
2755,127795.35036212532
2756,81542.6467070831
2757,57389.50023538666
2758,71426.06295751082
2759,169984.42685960792
2760,119303.00406233943
2761,135508.52308584005
2762,140797.27814210672
2763,177244.64699234627
2764,133692.82795573538
2765,289456.25156637654
2766,226080.75239355513
2767,74986.394241401
2768,122822.61139719188
2769,152497.3435407416
2770,123747.74158487841
2771,94769.65555472812
2772,85186.75457127439
2773,180011.14481836278
2774,162434.97461468796
2775,121461.73101049033
2776,149051.05433748337
2777,163718.31481308863
2778,124005.75193932652
2779,121738.38238329627
2780,99971.54981238674
2781,112678.80877582496
2782,108281.54238875769
2783,98266.13919937843
2784,125261.72383300099
2785,137932.31453324598
2786,76945.89271345176
2787,136779.05721021
2788,80794.49260339793
2789,152234.48302285373
2790,86566.1516274414
2791,151758.446395054
2792,82435.75875272602
2793,231874.56844164617
2794,134838.37489863066
2795,121012.98007677891
2796,99375.44834566722
2797,253323.58693432854
2798,94294.90156822046
2799,117849.05305357231
2800,69716.97332281573
2801,100423.35716623487
2802,150536.1940909666
2803,171932.2826465089
2804,115117.42512407387
2805,105941.44528690726
2806,65863.24740952486
2807,234017.44671680755
2808,147111.14260733244
2809,119198.11361000454
2810,121305.75904911454
2811,160248.55657273205
2812,183235.226456841
2813,144256.41912234854
2814,156612.30133606773
2815,131989.5202992882
2816,205155.66105516907
2817,157672.90589331882
2818,139986.23059816076
2819,169132.8520281026
2820,132814.85813814448
2821,125889.04123374633
2822,164195.24468367198
2823,329707.50110232877
2824,175870.4387027484
2825,146256.1355382409
2826,127984.55104278866
2827,124411.805114866
2828,241291.02439891826
2829,172369.2867808356
2830,209769.62429849198
2831,186013.29320667265
2832,233079.07644112082
2833,316076.1598581979
2834,243711.13162624044
2835,246792.93031993322
2836,185490.661650375
2837,138686.65840332373
2838,143713.66932920832
2839,173136.569496657
2840,196294.3860931578
2841,205003.82975916634
2842,220349.2139231402
2843,157537.94319949928
2844,162434.22867826326
2845,132161.9098682166
2846,211549.8699842384
2847,211422.1814276178
2848,235259.81057722727
2849,190699.15902824793
2850,254700.58182922704
2851,213077.91562674474
2852,220648.5163034289
2853,224019.07101133862
2854,131874.52422805037
2855,198013.1374084158
2856,198672.25543558085
2857,190270.72643531812
2858,207788.40312380064
2859,59966.32297921111
2860,154287.60257725162
2861,129251.69145449158
2862,197576.72323097847
2863,151867.97009224351
2864,246324.8004613293
2865,142121.6119348607
2866,131795.69704432227
2867,121388.09625634109
2868,106502.62842315249
2869,105007.40653683501
2870,109043.90287489467
2871,84840.50963051477
2872,30264.25139052933
2873,98809.09463880933
2874,149845.7400994962
2875,99200.3750482183
2876,180972.5244199403
2877,172763.47630235343
2878,161862.43956180103
2879,120200.88609157829
2880,109690.35133573809
2881,129506.502303001
2882,213644.52835842175
2883,190006.01580916368
2884,197245.1772470693
2885,180597.45279618166
2886,239383.4650423783
2887,133532.44636356598
2888,142182.27619143622
2889,47471.402640516404
2890,80740.96073438879
2891,144542.55104573257
2892,18438.304098406807
2893,80855.35720606428
2894,-22830.14288649708
2895,342355.6520000084
2896,293543.6797851939
2897,237485.33960865554
2898,140924.865434038
2899,210403.63478339557
2900,151801.7133623762
2901,241100.78848542506
2902,168115.63466279907
2903,298684.69240142405
2904,342593.2400407868
2905,107547.23953120969
2906,175834.33984415838
2907,102228.29094060231
2908,118892.22730427585
2909,137837.30013839644
2910,73096.20455818996
2911,73131.30355221732
2912,167293.36193104368
2913,69253.79488732317
2914,64167.3852301382
2915,70469.46375216614
2916,76004.97890697746
2917,157441.82623004192
2918,128441.81799449958
2919,219687.2268270566
